Below are the classification metrics for the classifier:

              precision    recall  f1-score   support

           A       0.16      0.06      0.09       100
           B       0.21      0.11      0.14       100
           C       0.00      0.00      0.00       100
           D       0.00      0.00      0.00       100
           E       0.00      0.00      0.00       100
           F       0.13      0.34      0.19       100
           G       0.12      0.07      0.09       100
           H       0.00      0.00      0.00       100
           I       0.03      0.01      0.01       100
           J       0.00      0.00      0.00       100
           K       0.00      0.00      0.00       100
           L       0.00      0.00      0.00       100
           M       0.04      0.02      0.03       100
           N       0.00      0.00      0.00       100
           O       0.00      0.00      0.00       100
           P       0.00      0.00      0.00       100
           Q       0.21      0.22      0.21       100
           R       0.00      0.00      0.00       100
           S       0.05      0.02      0.03       100
           T       0.00      0.00      0.00       100
           U       0.06      0.08      0.07       100
           V       0.10      0.25      0.15       100
           W       0.01      0.01      0.01       100
           X       0.08      0.80      0.14       100
           Y       0.00      0.00      0.00       100
           Z       0.00      0.00      0.00       100

    accuracy                           0.08      2600
   macro avg       0.05      0.08      0.04      2600
weighted avg       0.05      0.08      0.04      2600
